{
 "_20231017T144149_TRANSFORMATION.GLOBALTOLOCAL": [
  [
   [
    0.9633633645810281,
    -0.0021981453897478684,
    -0.2428738157839862,
    0.8124287331481945
   ],
   [
    0.001960235951444359,
    0.9935070065595117,
    -0.0012164890794876995,
    -0.016000276236015493
   ],
   [
    0.24287585246714583,
    0.000700376692486864,
    0.9633651043162986,
    0.42286039590954916
   ],
   [
    0.0,
    0.0,
    0.0,
    1.0
   ]
  ],
  [
   [
    0.9733228355953701,
    0.0,
    0.2294398782003427,
    0.0
   ],
   [
    0.0,
    1.0,
    0.0,
    0.0
   ],
   [
    -0.2294398782003427,
    0.0,
    0.9733228355953701,
    0.0
   ],
   [
    0.0,
    0.0,
    0.0,
    1.0
   ]
  ]
 ],
 "_20231017T144149_TRANSFORMATION.LOCALTOGLOBAL": [
  [
   [
    0.9759912325567927,
    0.001985930929794552,
    0.24605949460283183,
    -0.8969403604914548
   ],
   [
    -0.002226958909956006,
    1.006530000554396,
    0.0007095573035948134,
    0.017613959772377192
   ],
   [
    -0.24605743122261584,
    -0.001232434945870735,
    0.9759929950966955,
    -0.2128243764812234
   ],
   [
    0.0,
    0.0,
    0.0,
    1.0
   ]
  ],
  [
   [
    0.97332283559537,
    0.0,
    -0.22943987820034273,
    0.0
   ],
   [
    0.0,
    1.0,
    0.0,
    0.0
   ],
   [
    0.2294398782003427,
    0.0,
    0.9733228355953703,
    0.0
   ],
   [
    0.0,
    0.0,
    0.0,
    1.0
   ]
  ]
 ],
 "_20231106T130732_TRANSFORMATION.GLOBALTOLOCAL": [
  [
   [
    -0.3219630897795689,
    0.0,
    -0.9458653570883789,
    0.13220344165005649
   ],
   [
    0.0,
    0.9991603999960835,
    0.0,
    -0.33440727146570937
   ],
   [
    0.9458653570883789,
    0.0,
    -0.3219630897795689,
    3.7942981785068692
   ],
   [
    0.0,
    0.0,
    0.0,
    1.0
   ]
  ],
  [
   [
    -0.3156047007681471,
    0.0,
    0.9488907591778141,
    0.0
   ],
   [
    0.0,
    1.0,
    0.0,
    0.0
   ],
   [
    -0.9488907591778141,
    0.0,
    -0.3156047007681471,
    0.0
   ],
   [
    0.0,
    0.0,
    0.0,
    1.0
   ]
  ]
 ],
 "_20231106T130732_TRANSFORMATION.LOCALTOGLOBAL": [
  [
   [
    -0.32250441184802653,
    0.0,
    0.9474556567464302,
    -3.5522930794153726
   ],
   [
    0.0,
    1.0008403055244381,
    0.0,
    0.33468827574333426
   ],
   [
    -0.9474556567464301,
    -0.0,
    -0.32250441184802653,
    1.3489348010680888
   ],
   [
    0.0,
    0.0,
    0.0,
    1.0
   ]
  ],
  [
   [
    -0.3156047007681471,
    -0.0,
    -0.948890759177814,
    -0.0
   ],
   [
    0.0,
    1.0,
    0.0,
    0.0
   ],
   [
    0.9488907591778142,
    0.0,
    -0.3156047007681471,
    0.0
   ],
   [
    0.0,
    0.0,
    0.0,
    1.0
   ]
  ]
 ]
}