{
  "doors" : [
    {
      "category" : {
        "door" : {
          "isOpen" : false
        }
      },
      "completedEdges" : [

      ],
      "confidence" : {
        "medium" : {

        }
      },
      "curve" : null,
      "dimensions" : [
        0.84094977378845215,
        2.0989751815795898,
        0
      ],
      "identifier" : "D47389A2-C174-4B3A-B39D-AA2D2EC5F816",
      "parentIdentifier" : "0C1DB603-39F7-42BE-B1A3-01DE42F9A761",
      "transform" : [
        -0.87142908573150635,
        0,
        0.49052140116691589,
        0,
        0,
        1,
        0,
        0,
        -0.49052140116691589,
        0,
        -0.87142908573150635,
        0,
        8.6490745544433594,
        -0.29810470342636108,
        -9.0860042572021484,
        1
      ]
    },
    {
      "category" : {
        "door" : {
          "isOpen" : false
        }
      },
      "completedEdges" : [

      ],
      "confidence" : {
        "medium" : {

        }
      },
      "curve" : null,
      "dimensions" : [
        0.75084728002548218,
        2.0390989780426025,
        0
      ],
      "identifier" : "E811C798-8D69-4DD6-957B-146960437176",
      "parentIdentifier" : "0C1DB603-39F7-42BE-B1A3-01DE42F9A761",
      "transform" : [
        -0.8714292049407959,
        0,
        0.49052131175994873,
        0,
        0,
        1,
        0,
        0,
        -0.49052134156227112,
        0,
        -0.87142914533615112,
        0,
        6.8300886154174805,
        -0.32804295420646667,
        -8.0621099472045898,
        1
      ]
    },
    {
      "category" : {
        "door" : {
          "isOpen" : false
        }
      },
      "completedEdges" : [

      ],
      "confidence" : {
        "medium" : {

        }
      },
      "curve" : null,
      "dimensions" : [
        0.75084775686264038,
        1.9792225360870361,
        0
      ],
      "identifier" : "FD075342-B170-4389-9A50-9E71B2BA62A3",
      "parentIdentifier" : "0C1DB603-39F7-42BE-B1A3-01DE42F9A761",
      "transform" : [
        -0.87142914533615112,
        0,
        0.49052143096923828,
        0,
        0,
        1,
        0,
        0,
        -0.49052146077156067,
        0,
        -0.87142914533615112,
        0,
        1.7264622449874878,
        -0.35798117518424988,
        -5.1893143653869629,
        1
      ]
    },
    {
      "category" : {
        "door" : {
          "isOpen" : false
        }
      },
      "completedEdges" : [

      ],
      "confidence" : {
        "high" : {

        }
      },
      "curve" : null,
      "dimensions" : [
        0.75895673036575317,
        2.0987498760223389,
        0
      ],
      "identifier" : "1E2D7BFF-0840-4278-9136-45472C834E01",
      "parentIdentifier" : "1F995EBD-5098-4CBC-9CA4-83C822FC5109",
      "transform" : [
        0.871429443359375,
        0,
        -0.4905206561088562,
        0,
        0,
        1,
        0,
        0,
        0.49052074551582336,
        0,
        0.87142962217330933,
        0,
        -10.11314582824707,
        -0.29821735620498657,
        -0.11490103602409363,
        1
      ]
    },
    {
      "category" : {
        "door" : {
          "isOpen" : false
        }
      },
      "completedEdges" : [

      ],
      "confidence" : {
        "medium" : {

        }
      },
      "curve" : null,
      "dimensions" : [
        0.7163470983505249,
        2.0855317115783691,
        0
      ],
      "identifier" : "1D4FED4D-FBF4-4464-A646-27B4D5801CBC",
      "parentIdentifier" : "7F1504DC-C995-4CDB-8B03-BD3C626E5684",
      "transform" : [
        0.49052175879478455,
        0,
        0.8714289665222168,
        0,
        0,
        1.0000001192092896,
        0,
        0,
        -0.8714289665222168,
        0,
        0.49052175879478455,
        0,
        -11.636734962463379,
        -0.30482655763626099,
        5.3013291358947754,
        1
      ]
    },
    {
      "category" : {
        "door" : {
          "isOpen" : false
        }
      },
      "completedEdges" : [

      ],
      "confidence" : {
        "high" : {

        }
      },
      "curve" : null,
      "dimensions" : [
        0.71640771627426147,
        2.1422452926635742,
        0
      ],
      "identifier" : "D5634E21-719F-47AA-B02A-0AFA6BCB437B",
      "parentIdentifier" : "886991E5-C49E-4833-B31D-0C614E866FFE",
      "transform" : [
        0.87142908573150635,
        0,
        -0.49052149057388306,
        0,
        0,
        1,
        0,
        0,
        0.49052149057388306,
        0,
        0.87142908573150635,
        0,
        -14.041278839111328,
        -0.27646979689598083,
        2.0962157249450684,
        1
      ]
    },
    {
      "category" : {
        "door" : {
          "isOpen" : false
        }
      },
      "completedEdges" : [

      ],
      "confidence" : {
        "medium" : {

        }
      },
      "curve" : null,
      "dimensions" : [
        0.71640980243682861,
        2.1121964454650879,
        0
      ],
      "identifier" : "0FC4DD47-1C01-4D9F-A869-9A0D73FB3D4F",
      "parentIdentifier" : "886991E5-C49E-4833-B31D-0C614E866FFE",
      "transform" : [
        0.87142908573150635,
        0,
        -0.49052137136459351,
        0,
        0,
        1,
        0,
        0,
        0.49052140116691589,
        0,
        0.87142908573150635,
        0,
        -15.439355850219727,
        -0.291494220495224,
        2.8831846714019775,
        1
      ]
    },
    {
      "category" : {
        "door" : {
          "isOpen" : false
        }
      },
      "completedEdges" : [

      ],
      "confidence" : {
        "high" : {

        }
      },
      "curve" : null,
      "dimensions" : [
        0.78197014331817627,
        2.1467390060424805,
        0
      ],
      "identifier" : "3379F3E7-D047-4181-A439-7D115B6BBA79",
      "parentIdentifier" : "FA773AAE-6A1F-4988-A20A-18E34B2AEF16",
      "transform" : [
        -0.8714292049407959,
        0,
        0.49052128195762634,
        0,
        0,
        0.99999994039535522,
        0,
        0,
        -0.49052125215530396,
        0,
        -0.87142914533615112,
        0,
        0.60358220338821411,
        -0.27422288060188293,
        0.87861132621765137,
        1
      ]
    }
  ],
  "objects" : [
    {
      "category" : {
        "storage" : {

        }
      },
      "confidence" : {
        "medium" : {

        }
      },
      "dimensions" : [
        0.70322573184967041,
        0.67847025394439697,
        0.26692581176757812
      ],
      "identifier" : "11EF635E-D8E6-4BF9-B428-145D38F626DC",
      "transform" : [
        -0.49052289128303528,
        0,
        -0.87142819166183472,
        0,
        0,
        0.99999994039535522,
        0,
        0,
        0.87142819166183472,
        0,
        -0.49052289128303528,
        0,
        10.109702110290527,
        -1.0083572864532471,
        -12.163689613342285,
        1
      ]
    },
    {
      "category" : {
        "chair" : {

        }
      },
      "confidence" : {
        "medium" : {

        }
      },
      "dimensions" : [
        0.51754194498062134,
        0.87855434417724609,
        0.56035983562469482
      ],
      "identifier" : "D73DA3B4-4266-40A7-BB6A-A171A3348AAB",
      "transform" : [
        -0.47118836641311646,
        0,
        -0.88203263282775879,
        0,
        0,
        0.99999994039535522,
        0,
        0,
        0.88203251361846924,
        0,
        -0.47118833661079407,
        0,
        11.641764640808105,
        -0.90831530094146729,
        -9.4952535629272461,
        1
      ]
    }
  ],
  "openings" : [
    {
      "category" : {
        "opening" : {

        }
      },
      "completedEdges" : [

      ],
      "confidence" : {
        "high" : {

        }
      },
      "curve" : null,
      "dimensions" : [
        1.5161614418029785,
        2.119999885559082,
        0
      ],
      "identifier" : "B43BD17B-1307-4C73-A366-40D8FFDB0EB8",
      "parentIdentifier" : "D660B2E2-5CF4-4E90-B6FF-DC3EBE9D9BE1",
      "transform" : [
        -0.49052131175994873,
        0,
        -0.8714292049407959,
        0,
        0,
        0.99999994039535522,
        0,
        0,
        0.87142914533615112,
        0,
        -0.49052128195762634,
        0,
        -1.2696691751480103,
        -0.28759250044822693,
        1.0631231069564819,
        1
      ]
    },
    {
      "category" : {
        "opening" : {

        }
      },
      "completedEdges" : [

      ],
      "confidence" : {
        "high" : {

        }
      },
      "curve" : null,
      "dimensions" : [
        1.5068377256393433,
        2.0999999046325684,
        0
      ],
      "identifier" : "688011C7-4A9C-44F3-8213-33841617BB85",
      "parentIdentifier" : "349AB80B-1FFB-464F-AC22-D9F301C50754",
      "transform" : [
        0.49724102020263672,
        0,
        0.86761254072189331,
        0,
        0,
        1.0000001192092896,
        0,
        0,
        -0.86761254072189331,
        0,
        0.49724102020263672,
        0,
        2.0822963714599609,
        -0.29759249091148376,
        -0.81829893589019775,
        1
      ]
    },
    {
      "category" : {
        "opening" : {

        }
      },
      "completedEdges" : [

      ],
      "confidence" : {
        "high" : {

        }
      },
      "curve" : null,
      "dimensions" : [
        1.3224024772644043,
        2.1399998664855957,
        0
      ],
      "identifier" : "C7D8BF06-C0AC-4A2F-8874-19BC302FA528",
      "parentIdentifier" : "E4683522-5C03-4865-99CD-D14286DA73B4",
      "transform" : [
        -0.49052080512046814,
        0,
        -0.87142950296401978,
        0,
        0,
        1,
        0,
        0,
        0.87142956256866455,
        0,
        -0.49052083492279053,
        0,
        -7.3226361274719238,
        -0.27759250998497009,
        -0.89445364475250244,
        1
      ]
    },
    {
      "category" : {
        "opening" : {

        }
      },
      "completedEdges" : [

      ],
      "confidence" : {
        "high" : {

        }
      },
      "curve" : null,
      "dimensions" : [
        1.3506814241409302,
        2.119999885559082,
        0
      ],
      "identifier" : "B4D33D8E-00AD-44EB-85C5-28FD55AFAA94",
      "parentIdentifier" : "72E9F6CF-1EAB-4C3B-9888-06BB4C6291C6",
      "transform" : [
        -0.49052044749259949,
        0,
        -0.87142974138259888,
        0,
        0,
        0.99999994039535522,
        0,
        0,
        0.8714296817779541,
        0,
        -0.4905204176902771,
        0,
        -11.806336402893066,
        -0.28759250044822693,
        1.613162636756897,
        1
      ]
    }
  ],
  "version" : 1,
  "walls" : [
    {
      "category" : {
        "wall" : {

        }
      },
      "completedEdges" : [

      ],
      "confidence" : {
        "high" : {

        }
      },
      "curve" : null,
      "dimensions" : [
        20.58538818359375,
        2.4615321159362793,
        0
      ],
      "identifier" : "9D73E123-A63F-42A0-A18A-3A37AD9FF350",
      "parentIdentifier" : null,
      "transform" : [
        0.87142914533615112,
        0,
        -0.49052143096923828,
        0,
        0,
        1,
        0,
        0,
        0.49052146077156067,
        0,
        0.87142914533615112,
        0,
        1.3223841190338135,
        -0.1168263703584671,
        -6.5194315910339355,
        1
      ]
    },
    {
      "category" : {
        "wall" : {

        }
      },
      "completedEdges" : [

      ],
      "confidence" : {
        "high" : {

        }
      },
      "curve" : null,
      "dimensions" : [
        13.455202102661133,
        2.4615321159362793,
        0
      ],
      "identifier" : "0C1DB603-39F7-42BE-B1A3-01DE42F9A761",
      "parentIdentifier" : null,
      "transform" : [
        -0.8714292049407959,
        0,
        0.49052143096923828,
        0,
        0,
        1,
        0,
        0,
        -0.49052140116691589,
        0,
        -0.87142908573150635,
        0,
        4.9849309921264648,
        -0.1168263703584671,
        -7.0234837532043457,
        1
      ]
    },
    {
      "category" : {
        "wall" : {

        }
      },
      "completedEdges" : [

      ],
      "confidence" : {
        "high" : {

        }
      },
      "curve" : null,
      "dimensions" : [
        5.4982271194458008,
        2.4615321159362793,
        0
      ],
      "identifier" : "7ED794A2-AE60-4519-B942-E3CB317D69ED",
      "parentIdentifier" : null,
      "transform" : [
        -0.87142914533615112,
        0,
        0.49052143096923828,
        0,
        0,
        1,
        0,
        0,
        -0.49052146077156067,
        0,
        -0.87142914533615112,
        0,
        -4.6026458740234375,
        -0.1168263703584671,
        -1.6667630672454834,
        1
      ]
    },
    {
      "category" : {
        "wall" : {

        }
      },
      "completedEdges" : [

      ],
      "confidence" : {
        "high" : {

        }
      },
      "curve" : null,
      "dimensions" : [
        3.8497004508972168,
        2.4615321159362793,
        0
      ],
      "identifier" : "FA773AAE-6A1F-4988-A20A-18E34B2AEF16",
      "parentIdentifier" : null,
      "transform" : [
        -0.87142926454544067,
        0,
        0.49052134156227112,
        0,
        0,
        1,
        0,
        0,
        -0.49052137136459351,
        0,
        -0.87142926454544067,
        0,
        0.7795562744140625,
        -0.1168263703584671,
        0.77955663204193115,
        1
      ]
    },
    {
      "category" : {
        "wall" : {

        }
      },
      "completedEdges" : [

      ],
      "confidence" : {
        "high" : {

        }
      },
      "curve" : null,
      "dimensions" : [
        3.2557179927825928,
        2.4615321159362793,
        0
      ],
      "identifier" : "FF727A47-3FA7-410A-BEE0-1918CE63B9C9",
      "parentIdentifier" : null,
      "transform" : [
        -0.49052146077156067,
        0,
        -0.87142914533615112,
        0,
        0,
        1,
        0,
        0,
        0.87142914533615112,
        0,
        -0.49052143096923828,
        0,
        -1.4084882736206055,
        -0.1168263703584671,
        -1.5966981649398804,
        1
      ]
    },
    {
      "category" : {
        "wall" : {

        }
      },
      "completedEdges" : [

      ],
      "confidence" : {
        "high" : {

        }
      },
      "curve" : null,
      "dimensions" : [
        3.2301771640777588,
        2.4615321159362793,
        0
      ],
      "identifier" : "04F0ECD2-17CE-460C-A08B-0612B9941A92",
      "parentIdentifier" : null,
      "transform" : [
        0.49052140116691589,
        0,
        0.8714292049407959,
        0,
        0,
        1,
        0,
        0,
        -0.8714292049407959,
        0,
        0.49052137136459351,
        0,
        -0.085461169481277466,
        -0.1168263703584671,
        -2.3160152435302734,
        1
      ]
    },
    {
      "category" : {
        "wall" : {

        }
      },
      "completedEdges" : [

      ],
      "confidence" : {
        "high" : {

        }
      },
      "curve" : null,
      "dimensions" : [
        3.2092354297637939,
        2.4615321159362793,
        0
      ],
      "identifier" : "7F1504DC-C995-4CDB-8B03-BD3C626E5684",
      "parentIdentifier" : null,
      "transform" : [
        0.49052169919013977,
        0,
        0.8714289665222168,
        0,
        0,
        1,
        0,
        0,
        -0.8714289665222168,
        0,
        0.49052169919013977,
        0,
        -12.135700225830078,
        -0.1168263703584671,
        4.4149003028869629,
        1
      ]
    },
    {
      "category" : {
        "wall" : {

        }
      },
      "completedEdges" : [

      ],
      "confidence" : {
        "high" : {

        }
      },
      "curve" : null,
      "dimensions" : [
        1.9718493223190308,
        2.4615321159362793,
        0
      ],
      "identifier" : "07DAB6F3-897E-40F4-BC25-3F5ABBE7CFFC",
      "parentIdentifier" : null,
      "transform" : [
        -0.49052071571350098,
        0,
        -0.87142950296401978,
        0,
        0,
        1,
        0,
        0,
        0.87142950296401978,
        0,
        -0.49052071571350098,
        0,
        11.331174850463867,
        -0.1168263703584671,
        -9.4643516540527344,
        1
      ]
    },
    {
      "category" : {
        "wall" : {

        }
      },
      "completedEdges" : [

      ],
      "confidence" : {
        "high" : {

        }
      },
      "curve" : null,
      "dimensions" : [
        1.3890644311904907,
        2.4615321159362793,
        0
      ],
      "identifier" : "19741E7A-2105-433E-8633-1CABAFF16BD2",
      "parentIdentifier" : null,
      "transform" : [
        -0.49052274227142334,
        0,
        -0.87142843008041382,
        0,
        0,
        1,
        0,
        0,
        0.87142843008041382,
        0,
        -0.49052277207374573,
        0,
        9.9510536193847656,
        -0.1168263703584671,
        -12.173453330993652,
        1
      ]
    },
    {
      "category" : {
        "wall" : {

        }
      },
      "completedEdges" : [

      ],
      "confidence" : {
        "high" : {

        }
      },
      "curve" : null,
      "dimensions" : [
        1.148563027381897,
        2.4615321159362793,
        0
      ],
      "identifier" : "EE4351D7-2A30-4426-96A6-91A2DFA32792",
      "parentIdentifier" : null,
      "transform" : [
        0.87142914533615112,
        0,
        -0.49052143096923828,
        0,
        0,
        1,
        0,
        0,
        0.49052146077156067,
        0,
        0.87142914533615112,
        0,
        1.2072200775146484,
        -0.1168263703584671,
        -1.1902772188186646,
        1
      ]
    },
    {
      "category" : {
        "wall" : {

        }
      },
      "completedEdges" : [

      ],
      "confidence" : {
        "high" : {

        }
      },
      "curve" : null,
      "dimensions" : [
        1.1837282180786133,
        2.4615321159362793,
        0
      ],
      "identifier" : "6E0932A1-A527-4DE5-AE73-452F8A01B1C2",
      "parentIdentifier" : null,
      "transform" : [
        0.87142914533615112,
        0,
        -0.49052134156227112,
        0,
        0,
        1,
        0,
        0,
        0.49052134156227112,
        0,
        0.87142914533615112,
        0,
        -1.1257562637329102,
        -0.1168263703584671,
        0.112187460064888,
        1
      ]
    },
    {
      "category" : {
        "wall" : {

        }
      },
      "completedEdges" : [

      ],
      "confidence" : {
        "high" : {

        }
      },
      "curve" : null,
      "dimensions" : [
        4.5204377174377441,
        2.4615321159362793,
        0
      ],
      "identifier" : "886991E5-C49E-4833-B31D-0C614E866FFE",
      "parentIdentifier" : null,
      "transform" : [
        0.87142908573150635,
        0,
        -0.49052146077156067,
        0,
        0,
        1,
        0,
        0,
        0.49052149057388306,
        0,
        0.87142908573150635,
        0,
        -14.107226371765137,
        -0.1168263703584671,
        2.1333372592926025,
        1
      ]
    },
    {
      "category" : {
        "wall" : {

        }
      },
      "completedEdges" : [

      ],
      "confidence" : {
        "high" : {

        }
      },
      "curve" : null,
      "dimensions" : [
        4.1464953422546387,
        2.4615321159362793,
        0
      ],
      "identifier" : "1F995EBD-5098-4CBC-9CA4-83C822FC5109",
      "parentIdentifier" : null,
      "transform" : [
        0.8714296817779541,
        0,
        -0.49052059650421143,
        0,
        0,
        1,
        0,
        0,
        0.49052062630653381,
        0,
        0.87142962217330933,
        0,
        -10.330915451049805,
        -0.1168263703584671,
        0.0076804161071777344,
        1
      ]
    },
    {
      "category" : {
        "wall" : {

        }
      },
      "completedEdges" : [

      ],
      "confidence" : {
        "high" : {

        }
      },
      "curve" : null,
      "dimensions" : [
        1.6613291501998901,
        2.4615321159362793,
        0
      ],
      "identifier" : "AE733AA0-7553-429D-97E1-FDAD341E877F",
      "parentIdentifier" : null,
      "transform" : [
        -0.8714296817779541,
        0,
        0.49052038788795471,
        0,
        0,
        1,
        0,
        0,
        -0.49052038788795471,
        0,
        -0.87142974138259888,
        0,
        -12.198934555053711,
        -0.1168263703584671,
        2.6091325283050537,
        1
      ]
    },
    {
      "category" : {
        "wall" : {

        }
      },
      "completedEdges" : [

      ],
      "confidence" : {
        "high" : {

        }
      },
      "curve" : null,
      "dimensions" : [
        0.4788685142993927,
        2.4615321159362793,
        0
      ],
      "identifier" : "421AE0D7-5A38-4577-8131-D15BCA50D010",
      "parentIdentifier" : null,
      "transform" : [
        0.44530737400054932,
        0,
        0.8953777551651001,
        0,
        0,
        1,
        0,
        0,
        -0.89537769556045532,
        0,
        0.4453074038028717,
        0,
        1.814287543296814,
        -0.1168263703584671,
        -1.2575905323028564,
        1
      ]
    },
    {
      "category" : {
        "wall" : {

        }
      },
      "completedEdges" : [

      ],
      "confidence" : {
        "high" : {

        }
      },
      "curve" : null,
      "dimensions" : [
        1.5161614418029785,
        2.4615321159362793,
        0
      ],
      "identifier" : "D660B2E2-5CF4-4E90-B6FF-DC3EBE9D9BE1",
      "parentIdentifier" : null,
      "transform" : [
        -0.49052131175994873,
        0,
        -0.8714292049407959,
        0,
        0,
        1,
        0,
        0,
        0.8714292049407959,
        0,
        -0.49052131175994873,
        0,
        -1.2696691751480103,
        -0.1168263703584671,
        1.0631231069564819,
        1
      ]
    },
    {
      "category" : {
        "wall" : {

        }
      },
      "completedEdges" : [

      ],
      "confidence" : {
        "high" : {

        }
      },
      "curve" : null,
      "dimensions" : [
        1.5068377256393433,
        2.4615321159362793,
        0
      ],
      "identifier" : "349AB80B-1FFB-464F-AC22-D9F301C50754",
      "parentIdentifier" : null,
      "transform" : [
        0.49724102020263672,
        0,
        0.86761254072189331,
        0,
        0,
        1,
        0,
        0,
        -0.86761254072189331,
        0,
        0.49724102020263672,
        0,
        2.0822963714599609,
        -0.1168263703584671,
        -0.81829899549484253,
        1
      ]
    },
    {
      "category" : {
        "wall" : {

        }
      },
      "completedEdges" : [

      ],
      "confidence" : {
        "high" : {

        }
      },
      "curve" : null,
      "dimensions" : [
        1.3224024772644043,
        2.4615321159362793,
        0
      ],
      "identifier" : "E4683522-5C03-4865-99CD-D14286DA73B4",
      "parentIdentifier" : null,
      "transform" : [
        -0.49052080512046814,
        0,
        -0.87142950296401978,
        0,
        0,
        1,
        0,
        0,
        0.87142956256866455,
        0,
        -0.49052083492279053,
        0,
        -7.3226361274719238,
        -0.1168263703584671,
        -0.89445364475250244,
        1
      ]
    },
    {
      "category" : {
        "wall" : {

        }
      },
      "completedEdges" : [

      ],
      "confidence" : {
        "high" : {

        }
      },
      "curve" : null,
      "dimensions" : [
        1.3506814241409302,
        2.4615321159362793,
        0
      ],
      "identifier" : "72E9F6CF-1EAB-4C3B-9888-06BB4C6291C6",
      "parentIdentifier" : null,
      "transform" : [
        -0.49052044749259949,
        0,
        -0.87142974138259888,
        0,
        0,
        1,
        0,
        0,
        0.87142974138259888,
        0,
        -0.49052044749259949,
        0,
        -11.806336402893066,
        -0.1168263703584671,
        1.613162636756897,
        1
      ]
    },
    {
      "category" : {
        "wall" : {

        }
      },
      "completedEdges" : [

      ],
      "confidence" : {
        "high" : {

        }
      },
      "curve" : null,
      "dimensions" : [
        5.1372671127319336,
        2.4615321159362793,
        0
      ],
      "identifier" : "CDA3D371-4260-403F-9C31-0B074262854D",
      "parentIdentifier" : null,
      "transform" : [
        -0.87142926454544067,
        0,
        0.49052125215530396,
        0,
        0,
        1,
        0,
        0,
        -0.49052125215530396,
        0,
        -0.87142926454544067,
        0,
        -9.2366857528686523,
        -0.1168263703584671,
        0.94170576333999634,
        1
      ]
    }
  ],
  "windows" : [

  ]
}