{
  "doors" : [
    {
      "category" : {
        "door" : {
          "isOpen" : false
        }
      },
      "completedEdges" : [

      ],
      "confidence" : {
        "medium" : {

        }
      },
      "curve" : null,
      "dimensions" : [
        1.2474583387374878,
        2.127234935760498,
        0
      ],
      "identifier" : "B96570EE-AE12-46C5-9B99-CC2B965A7A94",
      "parentIdentifier" : "B2713CA7-9238-41CB-A363-F3C2F1F54DD1",
      "transform" : [
        0.90298336744308472,
        0,
        0.42967581748962402,
        0,
        0,
        1,
        0,
        0,
        -0.42967581748962402,
        0,
        0.90298330783843994,
        0,
        1.3250758647918701,
        -0.30793675780296326,
        -2.1902503967285156,
        1
      ]
    },
    {
      "category" : {
        "door" : {
          "isOpen" : false
        }
      },
      "completedEdges" : [

      ],
      "confidence" : {
        "high" : {

        }
      },
      "curve" : null,
      "dimensions" : [
        0.68231111764907837,
        2.1780426502227783,
        0
      ],
      "identifier" : "8B78AF0C-BD7A-4A15-ADB6-6E21BF098059",
      "parentIdentifier" : "04FBA433-B510-4165-B2DB-ECA5FB02047A",
      "transform" : [
        -0.42967590689659119,
        0,
        0.90298330783843994,
        0,
        0,
        1,
        0,
        0,
        -0.90298330783843994,
        0,
        -0.42967590689659119,
        0,
        -1.4380429983139038,
        -0.28253290057182312,
        -5.3978848457336426,
        1
      ]
    },
    {
      "category" : {
        "door" : {
          "isOpen" : false
        }
      },
      "completedEdges" : [

      ],
      "confidence" : {
        "high" : {

        }
      },
      "curve" : null,
      "dimensions" : [
        0.81795960664749146,
        2.1107399463653564,
        0
      ],
      "identifier" : "6D61A185-3226-4531-9E19-204CA762F4C6",
      "parentIdentifier" : "D316F9B2-2EA4-4788-B262-E7045F7211CA",
      "transform" : [
        -0.42967599630355835,
        0,
        0.90298324823379517,
        0,
        0,
        1,
        0,
        0,
        -0.90298324823379517,
        0,
        -0.42967596650123596,
        0,
        1.1196540594100952,
        -0.31618425250053406,
        0.11009788513183594,
        1
      ]
    }
  ],
  "objects" : [

  ],
  "openings" : [
    {
      "category" : {
        "opening" : {

        }
      },
      "completedEdges" : [

      ],
      "confidence" : {
        "high" : {

        }
      },
      "curve" : null,
      "dimensions" : [
        1.3135635852813721,
        2.119999885559082,
        0
      ],
      "identifier" : "F8F1591E-7057-42CC-BA0C-DEB9AB3E7996",
      "parentIdentifier" : "FB84FE64-7E5E-43BD-A3A8-F3E11F131023",
      "transform" : [
        -0.90298324823379517,
        0,
        -0.42967602610588074,
        0,
        0,
        0.99999994039535522,
        0,
        0,
        0.42967602610588074,
        0,
        -0.90298312902450562,
        0,
        -0.20037110149860382,
        -0.31155428290367126,
        1.3556382656097412,
        1
      ]
    },
    {
      "category" : {
        "opening" : {

        }
      },
      "completedEdges" : [

      ],
      "confidence" : {
        "high" : {

        }
      },
      "curve" : null,
      "dimensions" : [
        0.77695798873901367,
        2.4561886787414551,
        0
      ],
      "identifier" : "3C9B704A-F73C-4B5E-AE55-5450239B650D",
      "parentIdentifier" : "A151E251-1D7B-40F8-9BE7-E6E22E3B4951",
      "transform" : [
        0.42967608571052551,
        0,
        -0.90298318862915039,
        0,
        0,
        1.0000001192092896,
        0,
        0,
        0.90298324823379517,
        0,
        0.42967608571052551,
        0,
        -0.54488956928253174,
        -0.14345982670783997,
        -10.448437690734863,
        1
      ]
    }
  ],
  "version" : 1,
  "walls" : [
    {
      "category" : {
        "wall" : {

        }
      },
      "completedEdges" : [

      ],
      "confidence" : {
        "high" : {

        }
      },
      "curve" : null,
      "dimensions" : [
        6.0037980079650879,
        2.4561886787414551,
        0
      ],
      "identifier" : "18EFE51E-3865-4638-A0BB-06E17649C07C",
      "parentIdentifier" : null,
      "transform" : [
        -0.42967602610588074,
        0,
        0.90298324823379517,
        0,
        0,
        1.0000001192092896,
        0,
        0,
        -0.90298330783843994,
        0,
        -0.42967602610588074,
        0,
        -4.7250828742980957,
        -0.14345982670783997,
        1.28629469871521,
        1
      ]
    },
    {
      "category" : {
        "wall" : {

        }
      },
      "completedEdges" : [

      ],
      "confidence" : {
        "high" : {

        }
      },
      "curve" : null,
      "dimensions" : [
        3.857325553894043,
        2.4561886787414551,
        0
      ],
      "identifier" : "D316F9B2-2EA4-4788-B262-E7045F7211CA",
      "parentIdentifier" : null,
      "transform" : [
        -0.42967596650123596,
        0,
        0.90298324823379517,
        0,
        0,
        1.0000001192092896,
        0,
        0,
        -0.90298324823379517,
        0,
        -0.42967593669891357,
        0,
        1.2213917970657349,
        -0.14345982670783997,
        -0.10370850563049316,
        1
      ]
    },
    {
      "category" : {
        "wall" : {

        }
      },
      "completedEdges" : [

      ],
      "confidence" : {
        "high" : {

        }
      },
      "curve" : null,
      "dimensions" : [
        3.2542941570281982,
        2.4561886787414551,
        0
      ],
      "identifier" : "F5690A9F-0C7B-4860-B44A-83E42746579C",
      "parentIdentifier" : null,
      "transform" : [
        -0.90298318862915039,
        0,
        -0.42967593669891357,
        0,
        0,
        1.0000001192092896,
        0,
        0,
        0.42967599630355835,
        0,
        -0.90298330783843994,
        0,
        -1.9659520387649536,
        -0.14345982670783997,
        -0.7252238392829895,
        1
      ]
    },
    {
      "category" : {
        "wall" : {

        }
      },
      "completedEdges" : [

      ],
      "confidence" : {
        "high" : {

        }
      },
      "curve" : null,
      "dimensions" : [
        3.1535446643829346,
        2.4561886787414551,
        0
      ],
      "identifier" : "EF0139A7-5897-4730-A157-3B357CB0A68A",
      "parentIdentifier" : null,
      "transform" : [
        0.90298318862915039,
        0,
        0.42967596650123596,
        0,
        0,
        1.0000001192092896,
        0,
        0,
        -0.42967602610588074,
        0,
        0.90298324823379517,
        0,
        -1.2795165777206421,
        -0.14345982670783997,
        -2.0613572597503662,
        1
      ]
    },
    {
      "category" : {
        "wall" : {

        }
      },
      "completedEdges" : [

      ],
      "confidence" : {
        "high" : {

        }
      },
      "curve" : null,
      "dimensions" : [
        1.5226600170135498,
        2.4561886787414551,
        0
      ],
      "identifier" : "B2713CA7-9238-41CB-A363-F3C2F1F54DD1",
      "parentIdentifier" : null,
      "transform" : [
        0.90298336744308472,
        0,
        0.42967584729194641,
        0,
        0,
        1.0000001192092896,
        0,
        0,
        -0.42967584729194641,
        0,
        0.90298330783843994,
        0,
        1.3626235723495483,
        -0.14345982670783997,
        -2.1723837852478027,
        1
      ]
    },
    {
      "category" : {
        "wall" : {

        }
      },
      "completedEdges" : [

      ],
      "confidence" : {
        "high" : {

        }
      },
      "curve" : null,
      "dimensions" : [
        1.2355190515518188,
        2.4561886787414551,
        0
      ],
      "identifier" : "4197FAE7-B31A-4963-9D92-23297A7B8611",
      "parentIdentifier" : null,
      "transform" : [
        0.42967596650123596,
        0,
        -0.90298324823379517,
        0,
        0,
        1.0000001192092896,
        0,
        0,
        0.90298324823379517,
        0,
        0.42967593669891357,
        0,
        0.40971896052360535,
        -0.14345982670783997,
        -1.9416825771331787,
        1
      ]
    },
    {
      "category" : {
        "wall" : {

        }
      },
      "completedEdges" : [

      ],
      "confidence" : {
        "high" : {

        }
      },
      "curve" : null,
      "dimensions" : [
        1.1203556060791016,
        2.4561886787414551,
        0
      ],
      "identifier" : "863EDB63-4FEE-40E8-B4B9-5EB5B3D78209",
      "parentIdentifier" : null,
      "transform" : [
        0.42967596650123596,
        0,
        -0.90298324823379517,
        0,
        0,
        1.0000001192092896,
        0,
        0,
        0.90298324823379517,
        0,
        0.42967593669891357,
        0,
        -0.73736047744750977,
        -0.14345982670783997,
        0.47975337505340576,
        1
      ]
    },
    {
      "category" : {
        "wall" : {

        }
      },
      "completedEdges" : [

      ],
      "confidence" : {
        "high" : {

        }
      },
      "curve" : null,
      "dimensions" : [
        8.044093132019043,
        2.4561886787414551,
        0
      ],
      "identifier" : "04FBA433-B510-4165-B2DB-ECA5FB02047A",
      "parentIdentifier" : null,
      "transform" : [
        -0.42967596650123596,
        0,
        0.90298324823379517,
        0,
        0,
        1.0000001192092896,
        0,
        0,
        -0.90298324823379517,
        0,
        -0.42967593669891357,
        0,
        -0.97513878345489502,
        -0.14345982670783997,
        -6.3706989288330078,
        1
      ]
    },
    {
      "category" : {
        "wall" : {

        }
      },
      "completedEdges" : [

      ],
      "confidence" : {
        "high" : {

        }
      },
      "curve" : null,
      "dimensions" : [
        1.5180207490921021,
        2.4561886787414551,
        0
      ],
      "identifier" : "FB84FE64-7E5E-43BD-A3A8-F3E11F131023",
      "parentIdentifier" : null,
      "transform" : [
        -0.90298318862915039,
        0,
        -0.42967602610588074,
        0,
        0,
        1.0000001192092896,
        0,
        0,
        0.4296761155128479,
        0,
        -0.90298324823379517,
        0,
        -0.29268175363540649,
        -0.14345982670783997,
        1.3117132186889648,
        1
      ]
    },
    {
      "category" : {
        "wall" : {

        }
      },
      "completedEdges" : [

      ],
      "confidence" : {
        "high" : {

        }
      },
      "curve" : null,
      "dimensions" : [
        16.168201446533203,
        2.4561886787414551,
        0
      ],
      "identifier" : "A151E251-1D7B-40F8-9BE7-E6E22E3B4951",
      "parentIdentifier" : null,
      "transform" : [
        0.42967599630355835,
        0,
        -0.90298330783843994,
        0,
        0,
        1.0000001192092896,
        0,
        0,
        0.90298330783843994,
        0,
        0.42967596650123596,
        0,
        -3.5885310173034668,
        -0.14345982670783997,
        -4.052088737487793,
        1
      ]
    }
  ],
  "windows" : [

  ]
}