{
  "doors" : [
    {
      "category" : {
        "door" : {
          "isOpen" : true
        }
      },
      "completedEdges" : [

      ],
      "confidence" : {
        "medium" : {

        }
      },
      "curve" : null,
      "dimensions" : [
        0.83788090944290161,
        2.3397829532623291,
        0
      ],
      "identifier" : "5B2DEA94-6A95-4A22-AC37-6D2C6A914DC0",
      "parentIdentifier" : "CEAA9C17-841A-4B69-845A-7F6EC38CD910",
      "transform" : [
        -0.93780559301376343,
        0,
        -0.3471609354019165,
        0,
        0,
        1,
        0,
        0,
        0.3471609354019165,
        0,
        -0.93780553340911865,
        0,
        -2.1263904571533203,
        -0.16722913086414337,
        1.5067778825759888,
        1
      ]
    },
    {
      "category" : {
        "door" : {
          "isOpen" : true
        }
      },
      "completedEdges" : [

      ],
      "confidence" : {
        "high" : {

        }
      },
      "curve" : null,
      "dimensions" : [
        0.82262939214706421,
        2.1904013156890869,
        0
      ],
      "identifier" : "66B27AC2-A227-48ED-8C62-EFC3B5794493",
      "parentIdentifier" : "0091D05E-8188-481D-A709-3B5F8B2B3041",
      "transform" : [
        0.34716096520423889,
        0,
        -0.93780553340911865,
        0,
        0,
        1,
        0,
        0,
        0.93780553340911865,
        0,
        0.34716096520423889,
        0,
        -1.4043527841567993,
        -0.24191991984844208,
        0.67563623189926147,
        1
      ]
    }
  ],
  "objects" : [
    {
      "category" : {
        "table" : {

        }
      },
      "confidence" : {
        "medium" : {

        }
      },
      "dimensions" : [
        2.8913488388061523,
        0.83121716976165771,
        1.6301074028015137
      ],
      "identifier" : "25AC8A2A-2391-45AB-AC50-C85CAE7D7855",
      "transform" : [
        -0.34716099500656128,
        0,
        0.93780559301376343,
        0,
        0,
        1,
        0,
        0,
        -0.93780553340911865,
        0,
        -0.34716102480888367,
        0,
        2.4253873825073242,
        -0.92151206731796265,
        -0.67246860265731812,
        1
      ]
    },
    {
      "category" : {
        "chair" : {

        }
      },
      "confidence" : {
        "high" : {

        }
      },
      "dimensions" : [
        0.64368152618408203,
        0.65699303150177002,
        0.75317978858947754
      ],
      "identifier" : "10CAD4BD-C0F4-4F0F-9262-272EB0BA96D8",
      "transform" : [
        -0.34716108441352844,
        0,
        0.93780553340911865,
        0,
        0,
        1,
        0,
        0,
        -0.93780547380447388,
        0,
        -0.34716111421585083,
        0,
        -0.083505779504776001,
        -1.0086243152618408,
        -0.74612003564834595,
        1
      ]
    },
    {
      "category" : {
        "chair" : {

        }
      },
      "confidence" : {
        "high" : {

        }
      },
      "dimensions" : [
        0.53667247295379639,
        0.66994524002075195,
        0.63005459308624268
      ],
      "identifier" : "22F60FF1-BB1B-4D8D-831B-A4E4B3362B27",
      "transform" : [
        0.34716099500656128,
        0,
        -0.93780559301376343,
        0,
        0,
        0.99999994039535522,
        0,
        0,
        0.93780553340911865,
        0,
        0.34716099500656128,
        0,
        1.498714804649353,
        -1.0021481513977051,
        -0.24473319947719574,
        1
      ]
    },
    {
      "category" : {
        "chair" : {

        }
      },
      "confidence" : {
        "medium" : {

        }
      },
      "dimensions" : [
        0.53667223453521729,
        0.66994524002075195,
        0.63005471229553223
      ],
      "identifier" : "506503D6-F9B1-4D3F-8D30-9875AD0D09E7",
      "transform" : [
        0.34716236591339111,
        0,
        -0.93780505657196045,
        0,
        0,
        0.99999994039535522,
        0,
        0,
        0.93780499696731567,
        0,
        0.34716233611106873,
        0,
        2.0005965232849121,
        -1.0021481513977051,
        -1.6004946231842041,
        1
      ]
    },
    {
      "category" : {
        "table" : {

        }
      },
      "confidence" : {
        "high" : {

        }
      },
      "dimensions" : [
        1.5485751628875732,
        0.85548007488250732,
        0.98344689607620239
      ],
      "identifier" : "39352F58-4FBB-41EF-A64F-92DD738C1F3C",
      "transform" : [
        -0.93780553340911865,
        0,
        -0.34716108441352844,
        0,
        0,
        1,
        0,
        0,
        0.34716108441352844,
        0,
        -0.93780553340911865,
        0,
        4.9967546463012695,
        -0.90938061475753784,
        -1.4312871694564819,
        1
      ]
    },
    {
      "category" : {
        "storage" : {

        }
      },
      "confidence" : {
        "medium" : {

        }
      },
      "dimensions" : [
        0.8697274923324585,
        2.2666947841644287,
        0.5254666805267334
      ],
      "identifier" : "F6C00004-50CB-4E03-93F4-92750F76A174",
      "transform" : [
        -0.34716105461120605,
        0,
        0.93780559301376343,
        0,
        0,
        1,
        0,
        0,
        -0.93780559301376343,
        0,
        -0.34716105461120605,
        0,
        6.2656493186950684,
        -0.20377336442470551,
        -3.0944600105285645,
        1
      ]
    },
    {
      "category" : {
        "chair" : {

        }
      },
      "confidence" : {
        "medium" : {

        }
      },
      "dimensions" : [
        0.49817803502082825,
        0.97908329963684082,
        0.58773452043533325
      ],
      "identifier" : "54F7B822-3061-4B1B-B8B4-26848C09848B",
      "transform" : [
        -0.27800175547599792,
        0,
        0.96058052778244019,
        0,
        0,
        1,
        0,
        0,
        -0.96058046817779541,
        0,
        -0.27800172567367554,
        0,
        0.54461592435836792,
        -0.84757918119430542,
        -1.9507395029067993,
        1
      ]
    },
    {
      "category" : {
        "table" : {

        }
      },
      "confidence" : {
        "high" : {

        }
      },
      "dimensions" : [
        1.439267635345459,
        0.86353600025177002,
        0.83670705556869507
      ],
      "identifier" : "32AB0843-9479-41ED-A42F-810769BB5820",
      "transform" : [
        0.93780559301376343,
        0,
        0.34716102480888367,
        0,
        0,
        1.0000001192092896,
        0,
        0,
        -0.34716108441352844,
        0,
        0.93780571222305298,
        0,
        4.5409154891967773,
        -0.90535277128219604,
        -0.17007291316986084,
        1
      ]
    },
    {
      "category" : {
        "storage" : {

        }
      },
      "confidence" : {
        "medium" : {

        }
      },
      "dimensions" : [
        1.7801210880279541,
        0.93639516830444336,
        0.4732116162776947
      ],
      "identifier" : "CCFA62B1-E239-435A-9470-6E019C6FEE52",
      "transform" : [
        -0.93780559301376343,
        0,
        -0.34716108441352844,
        0,
        0,
        1,
        0,
        0,
        0.34716108441352844,
        0,
        -0.93780559301376343,
        0,
        2.4589080810546875,
        -0.8689231276512146,
        2.9518859386444092,
        1
      ]
    },
    {
      "category" : {
        "television" : {

        }
      },
      "confidence" : {
        "medium" : {

        }
      },
      "dimensions" : [
        0.71178483963012695,
        0.48907887935638428,
        0.099999979138374329
      ],
      "identifier" : "E8364A93-DB46-4149-89F3-D0E155106682",
      "transform" : [
        0.34716102480888367,
        0,
        -0.93780547380447388,
        0,
        0,
        0.99999994039535522,
        0,
        0,
        0.93780547380447388,
        0,
        0.34716096520423889,
        0,
        0.13900798559188843,
        -0.27095401287078857,
        -2.7642745971679688,
        1
      ]
    },
    {
      "category" : {
        "table" : {

        }
      },
      "confidence" : {
        "high" : {

        }
      },
      "dimensions" : [
        1.2326779365539551,
        0.86153841018676758,
        0.62654274702072144
      ],
      "identifier" : "E9658CC2-702E-4880-B143-F65F2D6CF457",
      "transform" : [
        0.93780559301376343,
        0,
        0.34716120362281799,
        0,
        0,
        1,
        0,
        0,
        -0.34716120362281799,
        0,
        0.93780559301376343,
        0,
        3.6959681510925293,
        -0.90635150671005249,
        1.3909502029418945,
        1
      ]
    },
    {
      "category" : {
        "chair" : {

        }
      },
      "confidence" : {
        "medium" : {

        }
      },
      "dimensions" : [
        0.53177815675735474,
        1.0077166557312012,
        0.60138261318206787
      ],
      "identifier" : "7F08602F-18D2-4ECA-938A-7A6DF9592DB9",
      "transform" : [
        -0.38132166862487793,
        0,
        0.9244423508644104,
        0,
        0,
        0.99999994039535522,
        0,
        0,
        -0.92444229125976562,
        0,
        -0.38132166862487793,
        0,
        1.0786008834838867,
        -0.83326238393783569,
        -3.4178204536437988,
        1
      ]
    },
    {
      "category" : {
        "table" : {

        }
      },
      "confidence" : {
        "medium" : {

        }
      },
      "dimensions" : [
        1.4417999982833862,
        0.89445769786834717,
        1.0511521100997925
      ],
      "identifier" : "FBBE6BC7-BF70-4F55-B651-69D3CAE4517D",
      "transform" : [
        0.93780553340911865,
        0,
        0.34716087579727173,
        0,
        0,
        1,
        0,
        0,
        -0.34716090559959412,
        0,
        0.93780547380447388,
        0,
        3.3078858852386475,
        -0.88989180326461792,
        -3.2008326053619385,
        1
      ]
    },
    {
      "category" : {
        "table" : {

        }
      },
      "confidence" : {
        "high" : {

        }
      },
      "dimensions" : [
        1.6347079277038574,
        0.81502687931060791,
        0.85809648036956787
      ],
      "identifier" : "A7E50D49-3402-415C-9039-4FDDB96F690B",
      "transform" : [
        0.34716108441352844,
        0,
        -0.93780553340911865,
        0,
        0,
        1,
        0,
        0,
        0.93780553340911865,
        0,
        0.34716108441352844,
        0,
        -0.3799191415309906,
        -0.9296073317527771,
        -0.85584759712219238,
        1
      ]
    },
    {
      "category" : {
        "chair" : {

        }
      },
      "confidence" : {
        "medium" : {

        }
      },
      "dimensions" : [
        0.55464041233062744,
        0.68935555219650269,
        0.62345057725906372
      ],
      "identifier" : "1AF76134-20F4-48B9-BEE3-D9CFAD923F01",
      "transform" : [
        0.93780571222305298,
        0,
        0.34716039896011353,
        0,
        0,
        1,
        0,
        0,
        -0.34716042876243591,
        0,
        0.93780571222305298,
        0,
        5.1349959373474121,
        -0.9924430251121521,
        -1.8047269582748413,
        1
      ]
    },
    {
      "category" : {
        "storage" : {

        }
      },
      "confidence" : {
        "high" : {

        }
      },
      "dimensions" : [
        0.82736027240753174,
        2.3453903198242188,
        0.487078458070755
      ],
      "identifier" : "C72EEC40-1AF2-4D9F-A8EB-B4E2DDA70D6B",
      "transform" : [
        -0.93780547380447388,
        0,
        -0.34716120362281799,
        0,
        0,
        1,
        0,
        0,
        0.34716120362281799,
        0,
        -0.93780547380447388,
        0,
        3.6992001533508301,
        -0.1644255667924881,
        3.4036295413970947,
        1
      ]
    },
    {
      "category" : {
        "television" : {

        }
      },
      "confidence" : {
        "medium" : {

        }
      },
      "dimensions" : [
        0.43433460593223572,
        0.36515307426452637,
        0.09999983012676239
      ],
      "identifier" : "AD57B5F1-6428-48A2-A895-298AB0EE7C85",
      "transform" : [
        -0.93780559301376343,
        0,
        -0.34716108441352844,
        0,
        0,
        1,
        0,
        0,
        0.34716111421585083,
        0,
        -0.93780559301376343,
        0,
        2.6986284255981445,
        -0.31887757778167725,
        -1.1466983556747437,
        1
      ]
    }
  ],
  "openings" : [

  ],
  "version" : 1,
  "walls" : [
    {
      "category" : {
        "wall" : {

        }
      },
      "completedEdges" : [

      ],
      "confidence" : {
        "high" : {

        }
      },
      "curve" : null,
      "dimensions" : [
        7.6633186340332031,
        3.0380802154541016,
        0
      ],
      "identifier" : "B5217662-271C-4C12-9C0F-D674D2A0D313",
      "parentIdentifier" : null,
      "transform" : [
        -0.34716111421585083,
        0,
        0.93780547380447388,
        0,
        0,
        1,
        0,
        0,
        -0.93780547380447388,
        0,
        -0.34716114401817322,
        0,
        5.3328070640563965,
        0.18191944062709808,
        0.18228475749492645,
        1
      ]
    },
    {
      "category" : {
        "wall" : {

        }
      },
      "completedEdges" : [

      ],
      "confidence" : {
        "high" : {

        }
      },
      "curve" : null,
      "dimensions" : [
        4.5057668685913086,
        3.0380802154541016,
        0
      ],
      "identifier" : "14482487-7F1C-4E9A-925B-5661DD9AB1B9",
      "parentIdentifier" : null,
      "transform" : [
        0.93780553340911865,
        0,
        0.34716096520423889,
        0,
        0,
        1,
        0,
        0,
        -0.34716096520423889,
        0,
        0.93780553340911865,
        0,
        3.0186059474945068,
        0.18191944062709808,
        -4.7829017639160156,
        1
      ]
    },
    {
      "category" : {
        "wall" : {

        }
      },
      "completedEdges" : [

      ],
      "confidence" : {
        "high" : {

        }
      },
      "curve" : null,
      "dimensions" : [
        0.91092008352279663,
        3.0380802154541016,
        0
      ],
      "identifier" : "8B307BDF-A9DB-4F87-A636-F21A1B9F4C95",
      "parentIdentifier" : null,
      "transform" : [
        0.93780535459518433,
        0,
        0.34716132283210754,
        0,
        0,
        1,
        0,
        0,
        -0.34716129302978516,
        0,
        0.93780535459518433,
        0,
        6.235877513885498,
        0.18191944062709808,
        -3.5691843032836914,
        1
      ]
    },
    {
      "category" : {
        "wall" : {

        }
      },
      "completedEdges" : [

      ],
      "confidence" : {
        "high" : {

        }
      },
      "curve" : null,
      "dimensions" : [
        0.73018711805343628,
        3.0380802154541016,
        0
      ],
      "identifier" : "3FE89152-C9F1-4F94-8A3B-DD91043D9C80",
      "parentIdentifier" : null,
      "transform" : [
        0.93780571222305298,
        0,
        0.34716036915779114,
        0,
        0,
        1,
        0,
        0,
        -0.34716039896011353,
        0,
        0.93780571222305298,
        0,
        5.3255767822265625,
        0.18191944062709808,
        -3.4737503528594971,
        1
      ]
    },
    {
      "category" : {
        "wall" : {

        }
      },
      "completedEdges" : [

      ],
      "confidence" : {
        "high" : {

        }
      },
      "curve" : null,
      "dimensions" : [
        0.42683893442153931,
        3.0380802154541016,
        0
      ],
      "identifier" : "16A09096-1785-4E5C-AA77-342C3DB561EC",
      "parentIdentifier" : null,
      "transform" : [
        -0.34716257452964783,
        0,
        0.9378049373626709,
        0,
        0,
        1,
        0,
        0,
        -0.9378049373626709,
        0,
        -0.34716257452964783,
        0,
        5.0572810173034668,
        0.18191944062709808,
        -3.8006420135498047,
        1
      ]
    },
    {
      "category" : {
        "wall" : {

        }
      },
      "completedEdges" : [

      ],
      "confidence" : {
        "high" : {

        }
      },
      "curve" : null,
      "dimensions" : [
        0.40551966428756714,
        3.0380802154541016,
        0
      ],
      "identifier" : "B9A37B69-1034-436B-A290-26314861CAA0",
      "parentIdentifier" : null,
      "transform" : [
        -0.34716278314590454,
        0,
        0.9378049373626709,
        0,
        0,
        1,
        0,
        0,
        -0.9378049373626709,
        0,
        -0.34716278314590454,
        0,
        5.7383542060852051,
        0.18191944062709808,
        -3.5371534824371338,
        1
      ]
    },
    {
      "category" : {
        "wall" : {

        }
      },
      "completedEdges" : [

      ],
      "confidence" : {
        "high" : {

        }
      },
      "curve" : null,
      "dimensions" : [
        7.5074052810668945,
        3.0380802154541016,
        0
      ],
      "identifier" : "CEAA9C17-841A-4B69-845A-7F6EC38CD910",
      "parentIdentifier" : null,
      "transform" : [
        -0.93780553340911865,
        0,
        -0.34716096520423889,
        0,
        0,
        1,
        0,
        0,
        0.34716096520423889,
        0,
        -0.93780553340911865,
        0,
        0.48236098885536194,
        0.18191944062709808,
        2.4724972248077393,
        1
      ]
    },
    {
      "category" : {
        "wall" : {

        }
      },
      "completedEdges" : [

      ],
      "confidence" : {
        "high" : {

        }
      },
      "curve" : null,
      "dimensions" : [
        7.6846375465393066,
        3.0380802154541016,
        0
      ],
      "identifier" : "0091D05E-8188-481D-A709-3B5F8B2B3041",
      "parentIdentifier" : null,
      "transform" : [
        0.34716099500656128,
        0,
        -0.93780559301376343,
        0,
        0,
        1,
        0,
        0,
        0.93780553340911865,
        0,
        0.34716102480888367,
        0,
        -0.42806437611579895,
        0.18191944062709808,
        -1.9616668224334717,
        1
      ]
    }
  ],
  "windows" : [
    {
      "category" : {
        "window" : {

        }
      },
      "completedEdges" : [

      ],
      "confidence" : {
        "high" : {

        }
      },
      "curve" : null,
      "dimensions" : [
        1.5387998819351196,
        2.5575230121612549,
        0
      ],
      "identifier" : "613E62EA-F22F-4C01-9A87-7B76DB12118D",
      "parentIdentifier" : "14482487-7F1C-4E9A-925B-5661DD9AB1B9",
      "transform" : [
        0.9378056526184082,
        0,
        0.34716084599494934,
        0,
        0,
        0.99999994039535522,
        0,
        0,
        -0.34716081619262695,
        0,
        0.9378056526184082,
        0,
        4.1174325942993164,
        0.41350618004798889,
        -4.3761329650878906,
        1
      ]
    },
    {
      "category" : {
        "window" : {

        }
      },
      "completedEdges" : [

      ],
      "confidence" : {
        "high" : {

        }
      },
      "curve" : null,
      "dimensions" : [
        1.6594899892807007,
        2.455456018447876,
        0
      ],
      "identifier" : "A6FC8F45-0098-427F-BEA6-F51E924E2CB3",
      "parentIdentifier" : "14482487-7F1C-4E9A-925B-5661DD9AB1B9",
      "transform" : [
        0.93780553340911865,
        0,
        0.34716096520423889,
        0,
        0,
        0.99999994039535522,
        0,
        0,
        -0.34716099500656128,
        0,
        0.93780559301376343,
        0,
        1.7688664197921753,
        0.47323152422904968,
        -5.2455353736877441,
        1
      ]
    }
  ]
}